0.382236469923
0.595889119366
0.512728644164
0.500471431265
0.651329436168
0.478031303036
0.555534603055
0.585329059023
0.45785404488
0.515368659249
0.578917593815
0.6892325099
0.526871582123
0.668678106732
0.644352253441
0.457476899868
0.444653969451
0.64152366585
0.562323213276
0.637563643221
0.681689609655
0.543654535169
0.496699981143
0.683009617198
0.627946445408
0.647557986046
0.610220629832
0.647180841033
0.717895530832
0.607014897228
0.499717141241
0.697718272676
0.657175183858
0.602489157081
0.694323967566
0.478408448048
0.665660946634
0.493871393551
0.520082971903
0.623420705261
0.564208938337
0.408825193287
0.517820101829
0.682066754667
0.706204035452
0.6799924571
0.689798227418
0.559306053177
0.508957194041
0.653026588723
0.600792004526
0.697718272676
0.732415613804
0.58400905148
0.623609277767
0.684895342259
0.565340373374
0.630775033
0.65170658118
0.614934942485
0.731095606261
0.682255327173
0.645672260984
0.6799924571
0.579671883839
0.458231189893
0.511974354139
0.687723929851
0.650009428625
0.518951536866
0.56892325099
0.462568357533
0.625117857816
0.575523288705
0.727512728644
0.648123703564
0.665095229116
0.529323024703
0.62398642278
0.702432585329
0.557797473128
0.647557986046
0.608146332265
0.569866113521
0.628512162927
0.610409202338
0.669620969263
0.710918348105
0.723929851028
0.65415802376
0.590231944183
0.580803318876
0.488968508391
0.718838393362
0.71261550066
0.732415613804
0.683009617198
0.572694701113
0.687535357345
0.721666980954
0.711295493117
0.680369602112
0.666415236658
0.448991137092
0.679426739581
0.621157835188
0.657929473883
0.631906468037
0.638317933245
0.711106920611
0.741467094098
0.690175372431
0.608900622289
0.710352630586
0.747312841788
0.52460871205
0.741278521592
0.707524042995
0.65415802376
0.687158212333
0.580049028852
0.693003960023
0.688478219876
0.697341127664
0.718272675844
0.614746369979
0.56647180841
0.534414482368
0.654723741279
0.737129926457
0.398642277956
0.520837261927
0.530077314728
0.503488591363
0.543465962663
0.668866679238
0.66584951914
0.592117669244
0.67414670941
0.677729587026
0.570997548557
0.675655289459
0.662078069018
0.500094286253
0.675278144447
0.532340184801
0.728455591175
0.696775410145
0.576466151235
0.72675843862
0.685083914765
0.453705449745
0.504242881388
0.633792193098
0.588723364134
0.681878182161
0.630209315482
0.678483877051
0.664718084103
0.630020742976
0.450311144635
0.509522911559
0.714878370734
0.52460871205
0.69262681501
0.564586083349
0.717141240807
0.696963982651
0.59570054686
0.719215538375
0.562888930794
0.502357156327
0.579860456345
0.699792570243
0.710918348105
0.717706958325
0.696209692627
0.55138600792
0.703941165378
0.493117103526
0.670752404299
0.563831793325
0.667735244201
0.548745992834
0.515368659249
0.706958325476
0.737695643975
0.440128229304
0.738072788987
0.553271732981
0.647935131058
0.669809541769
0.654346596266
0.549500282859
0.737695643975
0.699981142749
0.713181218178
0.533660192344
0.723364133509
0.714689798227
