777502.044307
208203.285291
210235.270734
169762.825093
85267.0432086
101416.838996
98368.1419414
31972.7374395
60205.9525293
69915.6150604
42667.1174019
32775.5076581
46518.6694395
74084.1995885
39021.1119747
141468.284809
165871.67445
138057.578206
71892.3075101
112177.129347
89170.2279932
80210.7392114
87554.5158009
41343.5584227
99475.123686
84381.8798545
265204.432255
229653.751207
61323.1678483
47574.4750775
73788.7713513
76332.0277699
96213.0283977
62619.1886106
88405.411277
66400.4037861
47423.6526525
79302.1421766
129688.062642
81454.3682454
64422.1521007
104640.799109
96528.5668165
60598.7306907
46980.2036396
45230.6897372
64787.317067
204147.704306
151859.455727
100473.148349
108393.454705
65515.1506673
68259.855543
70479.9492489
73849.1724361
47949.3083827
31464.1826644
88184.3736563
96828.5143114
160553.147579
60279.6965725
107641.240519
165823.431684
65292.499999
56308.0104174
93669.2391969
179088.572797
63020.5289608
41425.630278
67281.4176552
91111.8056198
85467.7558523
92186.492995
61160.223177
108903.280624
87544.5069528
101250.476746
43126.7168254
179139.137552
89456.3903878
105268.964429
66254.7446065
37030.3541405
29134.2014749
47256.6716885
128888.451439
130386.758023
79397.3940236
56564.6940227
51419.3834238
45410.5841435
97252.169551
52145.6188057
79928.7053895
89235.8910106
34023.6702907
60765.4590346
33780.5172129
49716.4620613
79398.2356638
145085.906794
96248.145673
87741.4168736
121663.528386
107624.794989
61677.2551188
73868.6059548
123720.234549
45657.4070611
31143.1706208
46860.5458139
77568.3927955
94041.2787534
77019.9892452
71023.3255345
85188.791128
97921.5824461
106060.928746
57562.8516559
72608.8466154
67363.218717
133157.046554
84349.2870393
169160.225657
116309.247314
73727.1353915
79620.4115493
107957.09592
43000.8938627
28102.0250863
58573.9676125
135845.064192
42680.5950097
48872.2391871
87082.3170426
59880.003368
35445.9282073
52244.2447456
73350.0723561
48491.091833
33732.2378185
63811.5910275
33859.5272606
99828.6570362
148581.497053
51247.8241172
74742.5381691
32807.6968744
32796.0250702
58064.5677155
55363.2007939
148986.335542
131090.694732
113267.313421
65864.326744
123550.743501
48279.8212124
48147.8988077
81666.4818371
93552.9213113
187441.723432
243769.752169
109643.526481
84765.1149444
59448.2153756
79771.2700112
69818.1129174
75765.8156545
91676.4086293
28465.5371791
37418.8462232
71974.6710592
80497.2078892
73418.8722814
30376.9131782
52648.4360427
74021.8575875
108300.433837
84426.480077
49411.6338944
151580.47176
145991.131355
81751.6639127
100334.578945
102013.011098
81001.7794422
41158.4711312
52705.3481653
58144.6623926
76555.6398005
61397.383208
52438.7925294
54322.2053437
123918.093132
124033.663316
86629.3375689
31579.2245644
93065.0149044
98673.8721774
66119.9257054
